{
 "cells": [
  {
   "cell_type": "markdown",
   "metadata": {},
   "source": [
    "# Exercise 3: Numpy"
   ]
  },
  {
   "cell_type": "markdown",
   "metadata": {},
   "source": [
    "Perform the follwing tasks:\n"
   ]
  },
  {
   "cell_type": "code",
   "execution_count": 3,
   "metadata": {},
   "outputs": [],
   "source": [
    "#3.1: import the numpy library\n",
    "import numpy as np"
   ]
  },
  {
   "cell_type": "code",
   "execution_count": 4,
   "metadata": {},
   "outputs": [
    {
     "name": "stdout",
     "output_type": "stream",
     "text": [
      "[[0.54463044 0.34366117 0.25556264 0.88087828 0.98650513 0.99801977\n",
      "  0.37007794 0.94881482 0.97120527 0.06482815]\n",
      " [0.56730779 0.30912934 0.37745295 0.67624685 0.18964271 0.3668514\n",
      "  0.39215675 0.23375201 0.14145318 0.84273782]\n",
      " [0.01691236 0.15174765 0.52420064 0.46848717 0.96993832 0.80750111\n",
      "  0.46923221 0.58750605 0.55565768 0.49034137]\n",
      " [0.6771437  0.65604312 0.96573634 0.73807728 0.73393698 0.49774946\n",
      "  0.64833483 0.32691662 0.521254   0.3970069 ]\n",
      " [0.65842272 0.86309516 0.66292837 0.09681998 0.47548043 0.45485563\n",
      "  0.45262258 0.80772811 0.39674694 0.11299397]\n",
      " [0.87016837 0.09664514 0.79883079 0.5309528  0.10598049 0.98110397\n",
      "  0.09044883 0.18368653 0.27371552 0.27695036]\n",
      " [0.03444478 0.65851748 0.54042753 0.86417111 0.26196865 0.57949823\n",
      "  0.69816369 0.96181096 0.32004284 0.18540873]\n",
      " [0.94917057 0.29493219 0.82280224 0.09686817 0.10299683 0.68416897\n",
      "  0.3983203  0.46678448 0.40626015 0.71741705]\n",
      " [0.72005696 0.32394221 0.59366254 0.82477509 0.59270834 0.34560422\n",
      "  0.00150176 0.27146671 0.83749526 0.28660762]\n",
      " [0.87537346 0.16590985 0.4629907  0.04184802 0.56776955 0.99962169\n",
      "  0.94020615 0.06665401 0.31322442 0.06574648]]\n"
     ]
    }
   ],
   "source": [
    "#3.2: create a random 10x10 array named A\n",
    "A = np.random.random((10,10))\n",
    "print(A)\n"
   ]
  },
  {
   "cell_type": "code",
   "execution_count": 5,
   "metadata": {},
   "outputs": [
    {
     "name": "stdout",
     "output_type": "stream",
     "text": [
      "[[0.54463044 0.34366117 0.25556264 0.88087828 0.98650513 0.99801977\n",
      "  0.37007794 0.94881482 0.97120527 0.06482815]\n",
      " [0.01691236 0.15174765 0.52420064 0.46848717 0.96993832 0.80750111\n",
      "  0.46923221 0.58750605 0.55565768 0.49034137]\n",
      " [0.65842272 0.86309516 0.66292837 0.09681998 0.47548043 0.45485563\n",
      "  0.45262258 0.80772811 0.39674694 0.11299397]\n",
      " [0.03444478 0.65851748 0.54042753 0.86417111 0.26196865 0.57949823\n",
      "  0.69816369 0.96181096 0.32004284 0.18540873]\n",
      " [0.72005696 0.32394221 0.59366254 0.82477509 0.59270834 0.34560422\n",
      "  0.00150176 0.27146671 0.83749526 0.28660762]]\n"
     ]
    },
    {
     "data": {
      "text/plain": [
       "array([[0.54463044, 0.34366117, 0.25556264, 0.88087828, 0.98650513,\n",
       "        0.99801977, 0.37007794, 0.94881482, 0.97120527, 0.06482815],\n",
       "       [0.01691236, 0.15174765, 0.52420064, 0.46848717, 0.96993832,\n",
       "        0.80750111, 0.46923221, 0.58750605, 0.55565768, 0.49034137],\n",
       "       [0.65842272, 0.86309516, 0.66292837, 0.09681998, 0.47548043,\n",
       "        0.45485563, 0.45262258, 0.80772811, 0.39674694, 0.11299397],\n",
       "       [0.03444478, 0.65851748, 0.54042753, 0.86417111, 0.26196865,\n",
       "        0.57949823, 0.69816369, 0.96181096, 0.32004284, 0.18540873],\n",
       "       [0.72005696, 0.32394221, 0.59366254, 0.82477509, 0.59270834,\n",
       "        0.34560422, 0.00150176, 0.27146671, 0.83749526, 0.28660762]])"
      ]
     },
     "execution_count": 5,
     "metadata": {},
     "output_type": "execute_result"
    }
   ],
   "source": [
    "#3.3: return only the odd rows of \n",
    "A_odd = A[::2]\n",
    "print(A_odd)\n",
    "\n",
    "#start:stop:stepsize, all\n",
    "A[0:10:2, :]"
   ]
  },
  {
   "cell_type": "code",
   "execution_count": 11,
   "metadata": {},
   "outputs": [
    {
     "name": "stdout",
     "output_type": "stream",
     "text": [
      "[[1.81075827 1.66094502 2.1261225  2.12762838 1.92238212 1.39902513\n",
      "  1.70900599 1.71800206 1.75240101 1.75526388]\n",
      " [1.66094502 3.02693753 2.98680927 3.14815949 2.18487527 2.21355983\n",
      "  2.32942203 2.60421806 2.03414325 2.27511098]\n",
      " [2.1261225  2.98680927 4.48233125 3.47549786 2.69845714 2.39738349\n",
      "  3.23595998 3.14359691 2.36581392 2.77927746]\n",
      " [2.12762838 3.14815949 3.47549786 4.32157732 2.95832945 2.90330743\n",
      "  3.05876598 3.25985237 2.91721878 3.08567618]\n",
      " [1.92238212 2.18487527 2.69845714 2.95832945 3.4183206  1.67150758\n",
      "  2.67633168 2.7420484  2.76509497 2.77010021]\n",
      " [1.39902513 2.21355983 2.39738349 2.90330743 1.67150758 2.18132796\n",
      "  2.0727552  1.97118169 1.73498107 2.02241719]\n",
      " [1.70900599 2.32942203 3.23595998 3.05876598 2.67633168 2.0727552\n",
      "  3.01303244 2.85061983 2.14337103 2.50398125]\n",
      " [1.71800206 2.60421806 3.14359691 3.25985237 2.7420484  1.97118169\n",
      "  2.85061983 3.380631   2.18462313 2.3453814 ]\n",
      " [1.75240101 2.03414325 2.36581392 2.91721878 2.76509497 1.73498107\n",
      "  2.14337103 2.18462313 2.8215194  2.69399014]\n",
      " [1.75526388 2.27511098 2.77927746 3.08567618 2.77010021 2.02241719\n",
      "  2.50398125 2.3453814  2.69399014 2.88939936]]\n"
     ]
    }
   ],
   "source": [
    "#3.4: perform a matrix multiplication of A with it's transposed\n",
    "A_transposed = np.transpose(A)\n",
    "print(A.dot(A_transposed))"
   ]
  },
  {
   "cell_type": "code",
   "execution_count": 13,
   "metadata": {},
   "outputs": [
    {
     "name": "stdout",
     "output_type": "stream",
     "text": [
      "[[-0.4579234  -1.2159477   0.46383387 -1.84301957  1.03810009  4.13880221\n",
      "  -1.46480747  0.99847798  0.35175237 -0.89090538]\n",
      " [-0.90719202 -1.48757765  1.00653639 -2.74427088  1.28033651  3.67907256\n",
      "  -1.92951329  1.50324426  0.71844872 -0.06422443]\n",
      " [ 0.43600138  0.48909981 -0.50511181  0.48206459 -2.05911986 -1.66159145\n",
      "   1.36735032 -0.1655543   0.70149557  1.00059191]\n",
      " [-0.72304622  0.57006156 -0.49666016  0.29048406  0.10777349 -0.27272746\n",
      "   1.09498618 -0.45286206  1.30840963 -1.35548932]\n",
      " [ 0.21197225  0.40660805  0.53636893  1.07241014  0.21058093 -1.02467128\n",
      "   0.29753824 -1.28953473  0.65386985 -1.24062977]\n",
      " [-0.0985527   0.25699474  0.26860669  2.24576017 -0.56272694 -2.61501115\n",
      "  -0.07734799 -0.04594209 -1.01050027  0.6615985 ]\n",
      " [ 0.82779719 -0.00672034 -0.45893286  1.11021264  0.19257805 -1.15072603\n",
      "  -0.79368367  0.13996849 -1.82551876  1.94980863]\n",
      " [ 1.09289109  1.01932213 -0.88742458  4.20342641 -1.4445935  -5.87036581\n",
      "   3.59357086 -2.33677939 -1.49951453  0.66864545]\n",
      " [-0.30748375  1.01372861 -0.02321485  0.46628225  0.28125534 -0.95175213\n",
      "   0.42503045 -0.89413097 -1.23646445  0.97510496]\n",
      " [ 0.01664762 -0.39093653  0.22043391 -4.07857608  0.63553411  4.47922925\n",
      "  -1.21995403  2.08032644  1.73635393 -1.47627412]]\n"
     ]
    }
   ],
   "source": [
    "#3.5: compute the matrix inverse of A\n",
    "\n",
    "print(np.linalg.inv(A))"
   ]
  },
  {
   "cell_type": "code",
   "execution_count": 11,
   "metadata": {},
   "outputs": [
    {
     "data": {
      "text/plain": [
       "array([[0.27231522, 0.34366117, 0.25556264, 0.44043914, 0.49325256,\n",
       "        0.49900989, 0.37007794, 0.47440741, 0.48560263, 0.06482815],\n",
       "       [0.2836539 , 0.30912934, 0.37745295, 0.33812343, 0.18964271,\n",
       "        0.3668514 , 0.39215675, 0.23375201, 0.14145318, 0.42136891],\n",
       "       [0.01691236, 0.15174765, 0.26210032, 0.46848717, 0.48496916,\n",
       "        0.40375055, 0.46923221, 0.29375302, 0.27782884, 0.49034137],\n",
       "       [0.33857185, 0.32802156, 0.48286817, 0.36903864, 0.36696849,\n",
       "        0.49774946, 0.32416742, 0.32691662, 0.260627  , 0.3970069 ],\n",
       "       [0.32921136, 0.43154758, 0.33146419, 0.09681998, 0.47548043,\n",
       "        0.45485563, 0.45262258, 0.40386405, 0.39674694, 0.11299397],\n",
       "       [0.43508418, 0.09664514, 0.39941539, 0.2654764 , 0.10598049,\n",
       "        0.49055199, 0.09044883, 0.18368653, 0.27371552, 0.27695036],\n",
       "       [0.03444478, 0.32925874, 0.27021377, 0.43208556, 0.26196865,\n",
       "        0.28974911, 0.34908185, 0.48090548, 0.32004284, 0.18540873],\n",
       "       [0.47458528, 0.29493219, 0.41140112, 0.09686817, 0.10299683,\n",
       "        0.34208449, 0.3983203 , 0.46678448, 0.40626015, 0.35870853],\n",
       "       [0.36002848, 0.32394221, 0.29683127, 0.41238755, 0.29635417,\n",
       "        0.34560422, 0.00150176, 0.27146671, 0.41874763, 0.28660762],\n",
       "       [0.43768673, 0.16590985, 0.4629907 , 0.04184802, 0.28388477,\n",
       "        0.49981084, 0.47010307, 0.06665401, 0.31322442, 0.06574648]])"
      ]
     },
     "execution_count": 11,
     "metadata": {},
     "output_type": "execute_result"
    }
   ],
   "source": [
    "#3.6: divide all entries of A which are lager than 0.5 by 2 (hint: use where() )\n",
    "\n",
    "np.where(A > 0.5, A/2, A)\n",
    "\n",
    "\n",
    "mask=A>0.5\n",
    "A[mask]/=2\n",
    "A\n",
    "\n",
    "A[A>0.5]/=2\n",
    "A\n"
   ]
  }
 ],
 "metadata": {
  "kernelspec": {
   "display_name": "Python 3",
   "language": "python",
   "name": "python3"
  },
  "language_info": {
   "codemirror_mode": {
    "name": "ipython",
    "version": 3
   },
   "file_extension": ".py",
   "mimetype": "text/x-python",
   "name": "python",
   "nbconvert_exporter": "python",
   "pygments_lexer": "ipython3",
   "version": "3.7.4"
  }
 },
 "nbformat": 4,
 "nbformat_minor": 4
}
