{
 "cells": [
  {
   "cell_type": "markdown",
   "metadata": {},
   "source": [
    "# Exercise 3: Numpy"
   ]
  },
  {
   "cell_type": "markdown",
   "metadata": {},
   "source": [
    "Perform the follwing tasks:\n"
   ]
  },
  {
   "cell_type": "code",
   "execution_count": 1,
   "metadata": {},
   "outputs": [],
   "source": [
    "#3.1: import the numpy library\n",
    "import numpy as np"
   ]
  },
  {
   "cell_type": "code",
   "execution_count": 3,
   "metadata": {},
   "outputs": [
    {
     "name": "stdout",
     "output_type": "stream",
     "text": [
      "[[0.26666905 0.22745828 0.30855398 0.03222693 0.71381743 0.03675175\n",
      "  0.74190865 0.41144633 0.01388728 0.6007238 ]\n",
      " [0.44839168 0.0339869  0.49403692 0.53637212 0.59528018 0.61842109\n",
      "  0.5908718  0.08895796 0.82900917 0.71544213]\n",
      " [0.54666743 0.88007553 0.60404307 0.03363999 0.91612009 0.83289066\n",
      "  0.27420785 0.62125592 0.71724948 0.73100944]\n",
      " [0.98375191 0.39059405 0.65615254 0.81985593 0.66345626 0.68850661\n",
      "  0.89135998 0.36153244 0.32753133 0.38964755]\n",
      " [0.05127296 0.89631671 0.07073894 0.83902414 0.55456575 0.15155615\n",
      "  0.97054192 0.53398451 0.27907047 0.51755066]\n",
      " [0.93268863 0.12928631 0.56349396 0.3938873  0.41306513 0.28422736\n",
      "  0.48494591 0.23483937 0.45123028 0.27693584]\n",
      " [0.56145122 0.75043539 0.42645717 0.51529308 0.28052644 0.36909326\n",
      "  0.41720005 0.82030915 0.49026509 0.62049275]\n",
      " [0.38049038 0.54907173 0.30225141 0.65560255 0.1701376  0.93584335\n",
      "  0.63651949 0.54873775 0.22854277 0.86600008]\n",
      " [0.13022296 0.6857586  0.6376774  0.78740395 0.72370402 0.10896129\n",
      "  0.83260308 0.13984025 0.05085898 0.23805291]\n",
      " [0.32539234 0.78416678 0.71376708 0.57875769 0.5054151  0.12838807\n",
      "  0.85093704 0.27730087 0.44880586 0.22323413]]\n"
     ]
    }
   ],
   "source": [
    "#3.2: create a random 10x10 array named A\n",
    "A = np.random.random((10,10))\n",
    "print(A)\n"
   ]
  },
  {
   "cell_type": "code",
   "execution_count": 4,
   "metadata": {},
   "outputs": [
    {
     "name": "stdout",
     "output_type": "stream",
     "text": [
      "[[0.26666905 0.22745828 0.30855398 0.03222693 0.71381743 0.03675175\n",
      "  0.74190865 0.41144633 0.01388728 0.6007238 ]\n",
      " [0.54666743 0.88007553 0.60404307 0.03363999 0.91612009 0.83289066\n",
      "  0.27420785 0.62125592 0.71724948 0.73100944]\n",
      " [0.05127296 0.89631671 0.07073894 0.83902414 0.55456575 0.15155615\n",
      "  0.97054192 0.53398451 0.27907047 0.51755066]\n",
      " [0.56145122 0.75043539 0.42645717 0.51529308 0.28052644 0.36909326\n",
      "  0.41720005 0.82030915 0.49026509 0.62049275]\n",
      " [0.13022296 0.6857586  0.6376774  0.78740395 0.72370402 0.10896129\n",
      "  0.83260308 0.13984025 0.05085898 0.23805291]]\n"
     ]
    }
   ],
   "source": [
    "#3.3: return only the odd rows of \n",
    "A_odd = A[::2]\n",
    "print(A_odd)"
   ]
  },
  {
   "cell_type": "code",
   "execution_count": 11,
   "metadata": {},
   "outputs": [
    {
     "name": "stdout",
     "output_type": "stream",
     "text": [
      "[[1.81075827 1.66094502 2.1261225  2.12762838 1.92238212 1.39902513\n",
      "  1.70900599 1.71800206 1.75240101 1.75526388]\n",
      " [1.66094502 3.02693753 2.98680927 3.14815949 2.18487527 2.21355983\n",
      "  2.32942203 2.60421806 2.03414325 2.27511098]\n",
      " [2.1261225  2.98680927 4.48233125 3.47549786 2.69845714 2.39738349\n",
      "  3.23595998 3.14359691 2.36581392 2.77927746]\n",
      " [2.12762838 3.14815949 3.47549786 4.32157732 2.95832945 2.90330743\n",
      "  3.05876598 3.25985237 2.91721878 3.08567618]\n",
      " [1.92238212 2.18487527 2.69845714 2.95832945 3.4183206  1.67150758\n",
      "  2.67633168 2.7420484  2.76509497 2.77010021]\n",
      " [1.39902513 2.21355983 2.39738349 2.90330743 1.67150758 2.18132796\n",
      "  2.0727552  1.97118169 1.73498107 2.02241719]\n",
      " [1.70900599 2.32942203 3.23595998 3.05876598 2.67633168 2.0727552\n",
      "  3.01303244 2.85061983 2.14337103 2.50398125]\n",
      " [1.71800206 2.60421806 3.14359691 3.25985237 2.7420484  1.97118169\n",
      "  2.85061983 3.380631   2.18462313 2.3453814 ]\n",
      " [1.75240101 2.03414325 2.36581392 2.91721878 2.76509497 1.73498107\n",
      "  2.14337103 2.18462313 2.8215194  2.69399014]\n",
      " [1.75526388 2.27511098 2.77927746 3.08567618 2.77010021 2.02241719\n",
      "  2.50398125 2.3453814  2.69399014 2.88939936]]\n"
     ]
    }
   ],
   "source": [
    "#3.4: perform a matrix multiplication of A with it's transposed\n",
    "A_transposed = np.transpose(A)\n",
    "print(A.dot(A_transposed))"
   ]
  },
  {
   "cell_type": "code",
   "execution_count": 13,
   "metadata": {},
   "outputs": [
    {
     "name": "stdout",
     "output_type": "stream",
     "text": [
      "[[-0.4579234  -1.2159477   0.46383387 -1.84301957  1.03810009  4.13880221\n",
      "  -1.46480747  0.99847798  0.35175237 -0.89090538]\n",
      " [-0.90719202 -1.48757765  1.00653639 -2.74427088  1.28033651  3.67907256\n",
      "  -1.92951329  1.50324426  0.71844872 -0.06422443]\n",
      " [ 0.43600138  0.48909981 -0.50511181  0.48206459 -2.05911986 -1.66159145\n",
      "   1.36735032 -0.1655543   0.70149557  1.00059191]\n",
      " [-0.72304622  0.57006156 -0.49666016  0.29048406  0.10777349 -0.27272746\n",
      "   1.09498618 -0.45286206  1.30840963 -1.35548932]\n",
      " [ 0.21197225  0.40660805  0.53636893  1.07241014  0.21058093 -1.02467128\n",
      "   0.29753824 -1.28953473  0.65386985 -1.24062977]\n",
      " [-0.0985527   0.25699474  0.26860669  2.24576017 -0.56272694 -2.61501115\n",
      "  -0.07734799 -0.04594209 -1.01050027  0.6615985 ]\n",
      " [ 0.82779719 -0.00672034 -0.45893286  1.11021264  0.19257805 -1.15072603\n",
      "  -0.79368367  0.13996849 -1.82551876  1.94980863]\n",
      " [ 1.09289109  1.01932213 -0.88742458  4.20342641 -1.4445935  -5.87036581\n",
      "   3.59357086 -2.33677939 -1.49951453  0.66864545]\n",
      " [-0.30748375  1.01372861 -0.02321485  0.46628225  0.28125534 -0.95175213\n",
      "   0.42503045 -0.89413097 -1.23646445  0.97510496]\n",
      " [ 0.01664762 -0.39093653  0.22043391 -4.07857608  0.63553411  4.47922925\n",
      "  -1.21995403  2.08032644  1.73635393 -1.47627412]]\n"
     ]
    }
   ],
   "source": [
    "#3.5: compute the matrix inverse of A\n",
    "\n",
    "print(np.linalg.inv(A))"
   ]
  },
  {
   "cell_type": "code",
   "execution_count": 16,
   "metadata": {},
   "outputs": [
    {
     "data": {
      "text/plain": [
       "array([[0.26666905, 0.22745828, 0.30855398, 0.03222693, 0.35690872,\n",
       "        0.03675175, 0.37095432, 0.41144633, 0.01388728, 0.3003619 ],\n",
       "       [0.44839168, 0.0339869 , 0.49403692, 0.26818606, 0.29764009,\n",
       "        0.30921055, 0.2954359 , 0.08895796, 0.41450459, 0.35772106],\n",
       "       [0.27333371, 0.44003777, 0.30202154, 0.03363999, 0.45806005,\n",
       "        0.41644533, 0.27420785, 0.31062796, 0.35862474, 0.36550472],\n",
       "       [0.49187596, 0.39059405, 0.32807627, 0.40992797, 0.33172813,\n",
       "        0.34425331, 0.44567999, 0.36153244, 0.32753133, 0.38964755],\n",
       "       [0.05127296, 0.44815836, 0.07073894, 0.41951207, 0.27728288,\n",
       "        0.15155615, 0.48527096, 0.26699225, 0.27907047, 0.25877533],\n",
       "       [0.46634431, 0.12928631, 0.28174698, 0.3938873 , 0.41306513,\n",
       "        0.28422736, 0.48494591, 0.23483937, 0.45123028, 0.27693584],\n",
       "       [0.28072561, 0.37521769, 0.42645717, 0.25764654, 0.28052644,\n",
       "        0.36909326, 0.41720005, 0.41015457, 0.49026509, 0.31024638],\n",
       "       [0.38049038, 0.27453587, 0.30225141, 0.32780127, 0.1701376 ,\n",
       "        0.46792167, 0.31825974, 0.27436888, 0.22854277, 0.43300004],\n",
       "       [0.13022296, 0.3428793 , 0.3188387 , 0.39370197, 0.36185201,\n",
       "        0.10896129, 0.41630154, 0.13984025, 0.05085898, 0.23805291],\n",
       "       [0.32539234, 0.39208339, 0.35688354, 0.28937884, 0.25270755,\n",
       "        0.12838807, 0.42546852, 0.27730087, 0.44880586, 0.22323413]])"
      ]
     },
     "execution_count": 16,
     "metadata": {},
     "output_type": "execute_result"
    }
   ],
   "source": [
    "#3.6: divide all entries of A which are lager than 0.5 by 2 (hint: use where() )\n",
    "\n",
    "np.where(A > 0.5, A/2, A)"
   ]
  }
 ],
 "metadata": {
  "kernelspec": {
   "display_name": "Python 3",
   "language": "python",
   "name": "python3"
  },
  "language_info": {
   "codemirror_mode": {
    "name": "ipython",
    "version": 3
   },
   "file_extension": ".py",
   "mimetype": "text/x-python",
   "name": "python",
   "nbconvert_exporter": "python",
   "pygments_lexer": "ipython3",
   "version": "3.7.4"
  }
 },
 "nbformat": 4,
 "nbformat_minor": 4
}
